{
    "source_file": "/home/hkcrc/DCIM/rs1030_7/cloud.ply",
    "target_frame": "base_link",
    "transform_chain": "camera -> end_effector -> base_link",
    "transform_source": "robot_realtime",
    "robot_ip": "192.168.56.101",
    "transforms": {
        "T_cam_ee": [
            [
                0.8648102046109997,
                0.49736842695100525,
                0.0687601474181329,
                -0.07229495684708592
            ],
            [
                -0.500834748787243,
                0.8642173074421529,
                0.047885278788525006,
                -0.10535550871059936
            ],
            [
                -0.03560708367586529,
                -0.07584914890569346,
                0.9964833376441283,
                0.0548954032384172
            ],
            [
                0.0,
                0.0,
                0.0,
                1.0
            ]
        ],
        "T_ee_base": [
            [
                -0.6312732055938852,
                -0.2848199334982563,
                -0.7213679680865164,
                0.3658072149674528
            ],
            [
                -0.7141644895225858,
                0.5761796755897834,
                0.3974746071665417,
                0.26866904045222734
            ],
            [
                0.3024288706525302,
                0.766090456094645,
                -0.5671350732202465,
                0.6445294200801437
            ],
            [
                0.0,
                0.0,
                0.0,
                1.0
            ]
        ],
        "T_cam_base": [
            [
                -0.3775979806511456,
                -0.5054065308490736,
                -0.775876281106261,
                0.4018526476178252
            ],
            [
                -0.9203404529866727,
                0.11259346843777257,
                0.37456129199563426,
                0.28141535741095286
            ],
            [
                -0.10194712160950647,
                0.8555039155025868,
                -0.5076611418606706,
                0.510820379671745
            ],
            [
                0.0,
                0.0,
                0.0,
                1.0
            ]
        ]
    },
    "poses": {
        "cam_to_ee": {
            "position": [
                -0.07229495684708592,
                -0.10535550871059936,
                0.0548954032384172
            ],
            "quaternion": [
                -0.032052923130030414,
                0.02703592603844365,
                -0.25858065743157194,
                0.9650791223647521
            ]
        },
        "ee_to_base": {
            "position": [
                0.3658072149674528,
                0.26866904045222734,
                0.6445294200801437
            ],
            "quaternion": [
                0.2998675507772464,
                -0.8328547223861907,
                -0.349270116379807,
                0.30731555312725867
            ]
        }
    },
    "timestamp": 1761820063.635674
}