{
    "source_file": "/home/hkcrc/DCIM/rs1030_5/cloud.ply",
    "target_frame": "base_link",
    "transform_chain": "camera -> end_effector -> base_link",
    "transform_source": "robot_realtime",
    "robot_ip": "192.168.56.101",
    "transforms": {
        "T_cam_ee": [
            [
                0.8648102046109997,
                0.49736842695100525,
                0.0687601474181329,
                -0.07229495684708592
            ],
            [
                -0.500834748787243,
                0.8642173074421529,
                0.047885278788525006,
                -0.10535550871059936
            ],
            [
                -0.03560708367586529,
                -0.07584914890569346,
                0.9964833376441283,
                0.0548954032384172
            ],
            [
                0.0,
                0.0,
                0.0,
                1.0
            ]
        ],
        "T_ee_base": [
            [
                -0.6415751069321638,
                -0.28020759554091007,
                -0.7140483776090836,
                0.36322942739758407
            ],
            [
                -0.6977915523414604,
                0.5997786200232633,
                0.39160254907735836,
                0.2703149519705876
            ],
            [
                0.3185409418675684,
                0.7494993731579579,
                -0.5803295253474103,
                0.6849800800367126
            ],
            [
                0.0,
                0.0,
                0.0,
                1.0
            ]
        ],
        "T_cam_base": [
            [
                -0.38907781844817696,
                -0.5070994937298381,
                -0.7690699283228731,
                0.3999355122196076
            ],
            [
                -0.9177910543762355,
                0.1415768572732849,
                0.3709657315596388,
                0.279068960349876
            ],
            [
                -0.07923403118966915,
                0.850180037958762,
                -0.5204957937946018,
                0.5511298653479293
            ],
            [
                0.0,
                0.0,
                0.0,
                1.0
            ]
        ]
    },
    "poses": {
        "cam_to_ee": {
            "position": [
                -0.07229495684708592,
                -0.10535550871059936,
                0.0548954032384172
            ],
            "quaternion": [
                -0.032052923130030414,
                0.02703592603844365,
                -0.25858065743157194,
                0.9650791223647521
            ]
        },
        "ee_to_base": {
            "position": [
                0.36322942739758407,
                0.2703149519705876,
                0.6849800800367126
            ],
            "quaternion": [
                0.29110814072779867,
                -0.8398933343441352,
                -0.33965679794517945,
                0.3073572789701299
            ]
        }
    },
    "timestamp": 1761819407.5723088
}