{
    "source_file": "/home/hkcrc/DCIM/rs1028/cloud.ply",
    "target_frame": "base_link",
    "transform_chain": "camera -> end_effector -> base_link",
    "transform_source": "robot_realtime",
    "robot_ip": "192.168.56.101",
    "transforms": {
        "T_cam_ee": [
            [
                0.8275548026677496,
                0.5606623926302722,
                0.028473322104044546,
                -0.090514
            ],
            [
                -0.5609520945565288,
                0.8238610977639774,
                0.08115195132452094,
                -0.087819
            ],
            [
                0.022040784790595833,
                -0.08312985673771323,
                0.9962949516707299,
                0.03838
            ],
            [
                0.0,
                0.0,
                0.0,
                1.0
            ]
        ],
        "T_ee_base": [
            [
                0.7561163484874984,
                0.36597538699777177,
                -0.5425403981841016,
                0.34764819971114663
            ],
            [
                0.6020483509595632,
                -0.7139959523657842,
                0.3574179110119521,
                0.25113257585883014
            ],
            [
                -0.25656548999583517,
                -0.5968850778140699,
                -0.760198890571467,
                0.5835561639325815
            ],
            [
                0.0,
                0.0,
                0.0,
                1.0
            ]
        ],
        "T_cam_base": [
            [
                0.40847503951731484,
                0.7705401907119125,
                -0.4893014986580137,
                0.22624679155108607
            ],
            [
                0.9066233005161745,
                -0.28039971992492935,
                0.31529381222469344,
                0.27305888138552575
            ],
            [
                0.10574655101934591,
                -0.5724017920688852,
                -0.8131259775605759,
                0.6300203499224853
            ],
            [
                0.0,
                0.0,
                0.0,
                1.0
            ]
        ]
    },
    "poses": {
        "cam_to_ee": {
            "position": [
                -0.090514,
                -0.087819,
                0.03838
            ],
            "quaternion": [
                -0.043008,
                0.001684,
                -0.293632,
                0.954949
            ]
        },
        "ee_to_base": {
            "position": [
                0.34764819971114663,
                0.25113257585883014,
                0.5835561639325815
            ],
            "quaternion": [
                -0.8986533246231202,
                -0.26929843562402306,
                0.22230649636640126,
                0.26548140497511646
            ]
        }
    },
    "timestamp": 1761639357.7106729
}