{
    "source_file": "/home/hkcrc/DCIM/rs1105/cloud.ply",
    "target_frame": "base_link",
    "transform_chain": "camera -> end_effector -> base_link",
    "transform_source": "robot_realtime",
    "robot_ip": "192.168.56.101",
    "transforms": {
        "T_cam_ee": [
            [
                0.8031174023082375,
                -0.5953305702257786,
                -0.024165062886702917,
                -0.0937
            ],
            [
                0.5944606929400443,
                0.8033636398043361,
                -0.03497637473455115,
                -0.0752
            ],
            [
                0.04023583799191317,
                0.013724955190403022,
                0.9990959428133569,
                0.04
            ],
            [
                0.0,
                0.0,
                0.0,
                1.0
            ]
        ],
        "T_ee_base": [
            [
                0.9644914759753359,
                -0.24205956123741784,
                -0.10565681040267391,
                0.18670137932275613
            ],
            [
                -0.24593782641017464,
                -0.9689587942378596,
                -0.0251682460603059,
                0.24151596500232725
            ],
            [
                -0.09628488101232002,
                0.05025956508628042,
                -0.9940840999662862,
                0.6640630854065216
            ],
            [
                0.0,
                0.0,
                0.0,
                1.0
            ]
        ],
        "T_cam_base": [
            [
                0.6264538039216868,
                -0.7701032455237697,
                -0.12040192185262352,
                0.11030513461281402
            ],
            [
                -0.7745375299998847,
                -0.6323573903718885,
                0.014688276404443229,
                0.33641931082123544
            ],
            [
                -0.08744853442869699,
                0.0840542805323535,
                -0.992616558269336,
                0.6295420954642362
            ],
            [
                0.0,
                0.0,
                0.0,
                1.0
            ]
        ]
    },
    "poses": {
        "cam_to_ee": {
            "position": [
                -0.0937,
                -0.0752,
                0.04
            ],
            "quaternion": [
                0.012824,
                -0.016958,
                0.313295,
                0.949418
            ]
        },
        "ee_to_base": {
            "position": [
                0.18670137932275613,
                0.24151596500232725,
                0.6640630854065216
            ],
            "quaternion": [
                0.9909003948656345,
                -0.12311968745197761,
                -0.050949038990537765,
                0.01903011935846849
            ]
        }
    },
    "timestamp": 1762324209.324326
}