{
    "source_file": "/home/hkcrc/DCIM/rs1030_4/cloud.ply",
    "target_frame": "base_link",
    "transform_chain": "camera -> end_effector -> base_link",
    "transform_source": "robot_realtime",
    "robot_ip": "192.168.56.101",
    "transforms": {
        "T_cam_ee": [
            [
                0.8648102046109997,
                0.49736842695100525,
                0.0687601474181329,
                -0.07229495684708592
            ],
            [
                -0.500834748787243,
                0.8642173074421529,
                0.047885278788525006,
                -0.10535550871059936
            ],
            [
                -0.03560708367586529,
                -0.07584914890569346,
                0.9964833376441283,
                0.0548954032384172
            ],
            [
                0.0,
                0.0,
                0.0,
                1.0
            ]
        ],
        "T_ee_base": [
            [
                -0.6211490162738748,
                -0.24600431206443726,
                -0.7440804916322568,
                0.37733943338288695
            ],
            [
                -0.7053064921643867,
                0.589378524829551,
                0.39392347807729156,
                0.28338172599406397
            ],
            [
                0.34163818828223197,
                0.7694899823359922,
                -0.5396003293103045,
                0.6035347556681503
            ],
            [
                0.0,
                0.0,
                0.0,
                1.0
            ]
        ],
        "T_cam_base": [
            [
                -0.3874739636972311,
                -0.4651032213101519,
                -0.7959540947715998,
                0.407316685522574
            ],
            [
                -0.9191639634715396,
                0.12867518072015693,
                0.3722637588080864,
                0.2939021422766706
            ],
            [
                -0.07072153640898199,
                0.8758548346578645,
                -0.47736440262591673,
                0.4681444513871793
            ],
            [
                0.0,
                0.0,
                0.0,
                1.0
            ]
        ]
    },
    "poses": {
        "cam_to_ee": {
            "position": [
                -0.07229495684708592,
                -0.10535550871059936,
                0.0548954032384172
            ],
            "quaternion": [
                -0.032052923130030414,
                0.02703592603844365,
                -0.25858065743157194,
                0.9650791223647521
            ]
        },
        "ee_to_base": {
            "position": [
                0.37733943338288695,
                0.28338172599406397,
                0.6035347556681503
            ],
            "quaternion": [
                0.2868243313453719,
                -0.8291754745549537,
                -0.35077420163618767,
                0.32734888851398747
            ]
        }
    },
    "timestamp": 1761819100.1643724
}