{
    "source_file": "/home/hkcrc/DCIM/rs1030_6/cloud.ply",
    "target_frame": "base_link",
    "transform_chain": "camera -> end_effector -> base_link",
    "transform_source": "robot_realtime",
    "robot_ip": "192.168.56.101",
    "transforms": {
        "T_cam_ee": [
            [
                0.8648102046109997,
                0.49736842695100525,
                0.0687601474181329,
                -0.07229495684708592
            ],
            [
                -0.500834748787243,
                0.8642173074421529,
                0.047885278788525006,
                -0.10535550871059936
            ],
            [
                -0.03560708367586529,
                -0.07584914890569346,
                0.9964833376441283,
                0.0548954032384172
            ],
            [
                0.0,
                0.0,
                0.0,
                1.0
            ]
        ],
        "T_ee_base": [
            [
                -0.6842252042827576,
                -0.2664747937318187,
                -0.6788424368951926,
                0.3148613097517453
            ],
            [
                -0.6881947741692693,
                0.5439267573379304,
                0.48013710068891036,
                0.276324076598391
            ],
            [
                0.24129613057470986,
                0.7956977233582041,
                -0.5555549571484749,
                0.6491210015333952
            ],
            [
                0.0,
                0.0,
                0.0,
                1.0
            ]
        ],
        "T_cam_base": [
            [
                -0.4340935030857114,
                -0.5191145211948935,
                -0.7362628229534425,
                0.35513659951251225
            ],
            [
                -0.884671566251666,
                0.09136657496255457,
                0.45717433091265786,
                0.2951287276307462
            ],
            [
                -0.17005602148880247,
                0.8498071915818368,
                -0.4989074931199086,
                0.5173479563680913
            ],
            [
                0.0,
                0.0,
                0.0,
                1.0
            ]
        ]
    },
    "poses": {
        "cam_to_ee": {
            "position": [
                -0.07229495684708592,
                -0.10535550871059936,
                0.0548954032384172
            ],
            "quaternion": [
                -0.032052923130030414,
                0.02703592603844365,
                -0.25858065743157194,
                0.9650791223647521
            ]
        },
        "ee_to_base": {
            "position": [
                0.3148613097517453,
                0.276324076598391,
                0.6491210015333952
            ],
            "quaternion": [
                0.28609569881762775,
                -0.8342222303992448,
                -0.38234261134365877,
                0.27574743693582093
            ]
        }
    },
    "timestamp": 1761819846.0266988
}