{
    "source_file": "/home/hkcrc/DCIM/rs1028_2/cloud.ply",
    "target_frame": "base_link",
    "transform_chain": "camera -> end_effector -> base_link",
    "transform_source": "robot_realtime",
    "robot_ip": "192.168.56.101",
    "transforms": {
        "T_cam_ee": [
            [
                0.8275548026677496,
                0.5606623926302722,
                0.028473322104044546,
                -0.090514
            ],
            [
                -0.5609520945565288,
                0.8238610977639774,
                0.08115195132452094,
                -0.087819
            ],
            [
                0.022040784790595833,
                -0.08312985673771323,
                0.9962949516707299,
                0.03838
            ],
            [
                0.0,
                0.0,
                0.0,
                1.0
            ]
        ],
        "T_ee_base": [
            [
                0.8025661248653675,
                0.1851467648587204,
                -0.5671051848475177,
                0.29076629561765843
            ],
            [
                0.3889224198326293,
                -0.8832143052652335,
                0.26205312882387605,
                0.23609914155247202
            ],
            [
                -0.452357122824566,
                -0.4308748848995502,
                -0.7808456102154124,
                0.572748225783283
            ],
            [
                0.0,
                0.0,
                0.0,
                1.0
            ]
        ],
        "T_cam_base": [
            [
                0.5478095422100601,
                0.6496472335265656,
                -0.5271272876970842,
                0.18009792465401886
            ],
            [
                0.8230713874945867,
                -0.531376171702545,
                0.20048155834012127,
                0.2885168138020893
            ],
            [
                -0.1498605903876681,
                -0.5436890987669585,
                -0.8257989872424355,
                0.6215630253955519
            ],
            [
                0.0,
                0.0,
                0.0,
                1.0
            ]
        ]
    },
    "poses": {
        "cam_to_ee": {
            "position": [
                -0.090514,
                -0.087819,
                0.03838
            ],
            "quaternion": [
                -0.043008,
                0.001684,
                -0.293632,
                0.954949
            ]
        },
        "ee_to_base": {
            "position": [
                0.29076629561765843,
                0.23609914155247202,
                0.572748225783283
            ],
            "quaternion": [
                -0.9309438812766875,
                -0.15416320903900152,
                0.27377114995213314,
                0.18608211183824294
            ]
        }
    },
    "timestamp": 1761642711.4382672
}