{
    "source_file": "/home/hkcrc/DCIM/rs1103/cloud.ply",
    "target_frame": "base_link",
    "transform_chain": "camera -> end_effector -> base_link",
    "transform_source": "robot_realtime",
    "robot_ip": "192.168.56.101",
    "transforms": {
        "T_cam_ee": [
            [
                0.8031174023082375,
                -0.5953305702257786,
                -0.024165062886702917,
                -0.0937
            ],
            [
                0.5944606929400443,
                0.8033636398043361,
                -0.03497637473455115,
                -0.0752
            ],
            [
                0.04023583799191317,
                0.013724955190403022,
                0.9990959428133569,
                0.04
            ],
            [
                0.0,
                0.0,
                0.0,
                1.0
            ]
        ],
        "T_ee_base": [
            [
                0.9644939318178867,
                -0.242052682997462,
                -0.10565014974056694,
                0.1867028160501647
            ],
            [
                -0.24593258364114898,
                -0.9689595868016148,
                -0.025188954897601614,
                0.24151708748644005
            ],
            [
                -0.09627367132328193,
                0.05027740843534308,
                -0.994084283353762,
                0.6640583480960176
            ],
            [
                0.0,
                0.0,
                0.0,
                1.0
            ]
        ],
        "T_cam_base": [
            [
                0.6264601330921886,
                -0.7700990904167406,
                -0.12039556713362391,
                0.11030609041061519
            ],
            [
                -0.7745346238262654,
                -0.6323614324973292,
                0.014667487318284399,
                0.3364191733051931
            ],
            [
                -0.08742893194145665,
                0.08406193924265079,
                -0.9926176364695228,
                0.6295349586505208
            ],
            [
                0.0,
                0.0,
                0.0,
                1.0
            ]
        ]
    },
    "poses": {
        "cam_to_ee": {
            "position": [
                -0.0937,
                -0.0752,
                0.04
            ],
            "quaternion": [
                0.012824,
                -0.016958,
                0.313295,
                0.949418
            ]
        },
        "ee_to_base": {
            "position": [
                0.1867028160501647,
                0.24151708748644005,
                0.6640583480960176
            ],
            "quaternion": [
                0.9909008277791052,
                -0.12311657558413965,
                -0.050944508119046196,
                0.019039837594567007
            ]
        }
    },
    "timestamp": 1762324083.2803392
}