{
    "source_file": "/home/hkcrc/DCIM/grasp1031_2/cloud.ply",
    "target_frame": "base_link",
    "transform_chain": "camera -> end_effector -> base_link",
    "transform_source": "robot_realtime",
    "robot_ip": "192.168.56.101",
    "transforms": {
        "T_cam_ee": [
            [
                -0.017728993676511567,
                0.8397865365965314,
                -0.542627179317827,
                0.39351074105117123
            ],
            [
                -0.24119659841845015,
                -0.5302766712332636,
                -0.8127920108226571,
                0.33789064486781367
            ],
            [
                -0.9703143221114419,
                0.11646984544066419,
                0.21195492777579075,
                0.42899223675000975
            ],
            [
                0.0,
                0.0,
                0.0,
                1.0
            ]
        ],
        "T_ee_base": [
            [
                -0.37938678480216076,
                -0.9189977346837702,
                0.10727922055821332,
                -0.095773082800487
            ],
            [
                -0.9252007027236718,
                0.37576926158469753,
                -0.052925624490555406,
                0.26483461045296275
            ],
            [
                0.008326295521002579,
                -0.11933409275722504,
                -0.9928192419109871,
                0.570403013749128
            ],
            [
                0.0,
                0.0,
                0.0,
                1.0
            ]
        ],
        "T_cam_base": [
            [
                0.12429070929610966,
                0.18121393981692951,
                0.9755579570680035,
                -0.5095646420533001
            ],
            [
                -0.022876898826471814,
                -0.9823970062861698,
                0.18539894697666176,
                0.005022432389867437
            ],
            [
                0.9919820901018089,
                -0.045361107305685294,
                -0.11795720775454448,
                0.10744587963751123
            ],
            [
                0.0,
                0.0,
                0.0,
                1.0
            ]
        ]
    },
    "poses": {
        "cam_to_ee": {
            "position": [
                0.39351074105117123,
                0.33789064486781367,
                0.42899223675000975
            ],
            "quaternion": [
                -0.5702176667249449,
                -0.2624392285213175,
                0.6633175319342852,
                -0.4074154092771945
            ]
        },
        "ee_to_base": {
            "position": [
                -0.095773082800487,
                0.26483461045296275,
                0.570403013749128
            ],
            "quaternion": [
                -0.5562515607897494,
                0.828850904610993,
                -0.05195738952852673,
                0.02984641884527248
            ]
        }
    },
    "timestamp": 1761881397.4175649
}