{
    "source_file": "/home/hkcrc/DCIM/rs1030_2/cloud.ply",
    "target_frame": "base_link",
    "transform_chain": "camera -> end_effector -> base_link",
    "transform_source": "robot_realtime",
    "robot_ip": "192.168.56.101",
    "transforms": {
        "T_cam_ee": [
            [
                0.8648102046109997,
                0.49736842695100525,
                0.0687601474181329,
                -0.07229495684708592
            ],
            [
                -0.500834748787243,
                0.8642173074421529,
                0.047885278788525006,
                -0.10535550871059936
            ],
            [
                -0.03560708367586529,
                -0.07584914890569346,
                0.9964833376441283,
                0.0548954032384172
            ],
            [
                0.0,
                0.0,
                0.0,
                1.0
            ]
        ],
        "T_ee_base": [
            [
                -0.6172381664922857,
                -0.3377094982675832,
                -0.7106119479751933,
                0.369204785373737
            ],
            [
                -0.7327230003644274,
                0.5757331045439624,
                0.3628338422323948,
                0.28282624491671277
            ],
            [
                0.2865903881189893,
                0.7446366141360686,
                -0.6028119626598156,
                0.6925390867367032
            ],
            [
                0.0,
                0.0,
                0.0,
                1.0
            ]
        ],
        "T_cam_base": [
            [
                -0.33935439423737856,
                -0.5449498577567066,
                -0.7667256664823,
                0.4103982185409184
            ],
            [
                -0.9349329276319255,
                0.10560458920470878,
                0.3387448768151358,
                0.2950596785760561
            ],
            [
                -0.10362922339465153,
                0.831791634527452,
                -0.5453289473233301,
                0.5602768719408552
            ],
            [
                0.0,
                0.0,
                0.0,
                1.0
            ]
        ]
    },
    "poses": {
        "cam_to_ee": {
            "position": [
                -0.07229495684708592,
                -0.10535550871059936,
                0.0548954032384172
            ],
            "quaternion": [
                -0.032052923130030414,
                0.02703592603844365,
                -0.25858065743157194,
                0.9650791223647521
            ]
        },
        "ee_to_base": {
            "position": [
                0.369204785373737,
                0.28282624491671277,
                0.6925390867367032
            ],
            "quaternion": [
                0.3200940063573386,
                -0.8360297891965429,
                -0.3311695560013434,
                0.2981958146050432
            ]
        }
    },
    "timestamp": 1761818398.9567764
}