{
    "source_file": "/home/hkcrc/DCIM/rs1030_3/cloud.ply",
    "target_frame": "base_link",
    "transform_chain": "camera -> end_effector -> base_link",
    "transform_source": "robot_realtime",
    "robot_ip": "192.168.56.101",
    "transforms": {
        "T_cam_ee": [
            [
                0.8648102046109997,
                0.49736842695100525,
                0.0687601474181329,
                -0.07229495684708592
            ],
            [
                -0.500834748787243,
                0.8642173074421529,
                0.047885278788525006,
                -0.10535550871059936
            ],
            [
                -0.03560708367586529,
                -0.07584914890569346,
                0.9964833376441283,
                0.0548954032384172
            ],
            [
                0.0,
                0.0,
                0.0,
                1.0
            ]
        ],
        "T_ee_base": [
            [
                -0.7275531891420061,
                -0.2366983320650614,
                -0.6439256607457997,
                0.3036843372800423
            ],
            [
                -0.6094065340696615,
                0.654071231858225,
                0.4481233087986689,
                0.24164397351141342
            ],
            [
                0.3151032103970052,
                0.7184460475589538,
                -0.6201171208283308,
                0.6718115306417969
            ],
            [
                0.0,
                0.0,
                0.0,
                1.0
            ]
        ],
        "T_cam_base": [
            [
                -0.4877203578059066,
                -0.5175795670939575,
                -0.7030222217743266,
                0.3458716780764834
            ],
            [
                -0.8705589546702407,
                0.22817033807081327,
                0.4359649105927097,
                0.24139089496595678
            ],
            [
                -0.06523771167918829,
                0.8246512526829041,
                -0.561866845812583,
                0.5392973294191566
            ],
            [
                0.0,
                0.0,
                0.0,
                1.0
            ]
        ]
    },
    "poses": {
        "cam_to_ee": {
            "position": [
                -0.07229495684708592,
                -0.10535550871059936,
                0.0548954032384172
            ],
            "quaternion": [
                -0.032052923130030414,
                0.02703592603844365,
                -0.25858065743157194,
                0.9650791223647521
            ]
        },
        "ee_to_base": {
            "position": [
                0.3036843372800423,
                0.24164397351141342,
                0.6718115306417969
            ],
            "quaternion": [
                0.24417857186294006,
                -0.8662767372249703,
                -0.3366618616859691,
                0.2767674664261897
            ]
        }
    },
    "timestamp": 1761818867.2790911
}