{
    "source_file": "/home/hkcrc/DCIM/grasp1031/cloud.ply",
    "target_frame": "base_link",
    "transform_chain": "camera -> end_effector -> base_link",
    "transform_source": "robot_realtime",
    "robot_ip": "192.168.56.101",
    "transforms": {
        "T_cam_ee": [
            [
                -0.017728993676511567,
                0.8397865365965314,
                -0.542627179317827,
                0.39351074105117123
            ],
            [
                -0.24119659841845015,
                -0.5302766712332636,
                -0.8127920108226571,
                0.33789064486781367
            ],
            [
                -0.9703143221114419,
                0.11646984544066419,
                0.21195492777579075,
                0.42899223675000975
            ],
            [
                0.0,
                0.0,
                0.0,
                1.0
            ]
        ],
        "T_ee_base": [
            [
                -0.37939150318068904,
                -0.918993330014476,
                0.10730026422708218,
                -0.09578797693375857
            ],
            [
                -0.9251985342329009,
                0.3757693762495752,
                -0.05296270505078965,
                0.26485235313145933
            ],
            [
                0.008352219321174414,
                -0.11936764746743395,
                -0.9928149904038021,
                0.5703793254015761
            ],
            [
                0.0,
                0.0,
                0.0,
                1.0
            ]
        ],
        "T_cam_base": [
            [
                0.1242693115836686,
                0.18121009264565635,
                0.9755613976177377,
                -0.509570877052077
            ],
            [
                -0.02284098512974221,
                -0.9823995647880446,
                0.18538981768846863,
                0.005025159864488871
            ],
            [
                0.9919855984825707,
                -0.045321048394905056,
                -0.1179431005848273,
                0.1074228786246818
            ],
            [
                0.0,
                0.0,
                0.0,
                1.0
            ]
        ]
    },
    "poses": {
        "cam_to_ee": {
            "position": [
                0.39351074105117123,
                0.33789064486781367,
                0.42899223675000975
            ],
            "quaternion": [
                -0.5702176667249449,
                -0.2624392285213175,
                0.6633175319342852,
                -0.4074154092771945
            ]
        },
        "ee_to_base": {
            "position": [
                -0.09578797693375857,
                0.26485235313145933,
                0.5703793254015761
            ],
            "quaternion": [
                -0.5562495193196884,
                0.8288509923131638,
                -0.051978689208443445,
                0.029844943730405256
            ]
        }
    },
    "timestamp": 1761880780.8517919
}