{
    "source_file": "/home/hkcrc/DCIM/rs1030_1/cloud.ply",
    "target_frame": "base_link",
    "transform_chain": "camera -> end_effector -> base_link",
    "transform_source": "robot_realtime",
    "robot_ip": "192.168.56.101",
    "transforms": {
        "T_cam_ee": [
            [
                0.8648102046109997,
                0.49736842695100525,
                0.0687601474181329,
                -0.07229495684708592
            ],
            [
                -0.500834748787243,
                0.8642173074421529,
                0.047885278788525006,
                -0.10535550871059936
            ],
            [
                -0.03560708367586529,
                -0.07584914890569346,
                0.9964833376441283,
                0.0548954032384172
            ],
            [
                0.0,
                0.0,
                0.0,
                1.0
            ]
        ],
        "T_ee_base": [
            [
                -0.6376592698137714,
                -0.36050320207684905,
                -0.6807555338834248,
                0.33907554133147716
            ],
            [
                -0.7101375091881139,
                0.6175406044416581,
                0.33815428418095367,
                0.209801580649439
            ],
            [
                0.29848848162813524,
                0.6990572531332253,
                -0.6497873368858155,
                0.6735600977301283
            ],
            [
                0.0,
                0.0,
                0.0,
                1.0
            ]
        ],
        "T_cam_base": [
            [
                -0.34666199369279743,
                -0.5770699667232322,
                -0.7394698882544054,
                0.38578573943309996
            ],
            [
                -0.9354606460065622,
                0.15484058788903282,
                0.3177070539273004,
                0.21464275248820064
            ],
            [
                -0.06883924681401382,
                0.8018819400935694,
                -0.5935035907640768,
                0.5426610154322208
            ],
            [
                0.0,
                0.0,
                0.0,
                1.0
            ]
        ]
    },
    "poses": {
        "cam_to_ee": {
            "position": [
                -0.07229495684708592,
                -0.10535550871059936,
                0.0548954032384172
            ],
            "quaternion": [
                -0.032052923130030414,
                0.02703592603844365,
                -0.25858065743157194,
                0.9650791223647521
            ]
        },
        "ee_to_base": {
            "position": [
                0.33907554133147716,
                0.209801580649439,
                0.6735600977301283
            ],
            "quaternion": [
                0.31408098582626187,
                -0.8522011515982075,
                -0.30427427121196826,
                0.2872690366808052
            ]
        }
    },
    "timestamp": 1761817501.6960044
}